4
316210
0
0
erase 20,75025,97792,200444,228864,264489,294400,349680,359936,360962,392704,393730,425472,426498,458240,459266,491008,492034,523776,524802,556544
new 2,0,1024
new 2,1024,2048
new 2,2048,3072
new 2,3072,4096
new 2,4096,5120
new 2,5120,6144
new 2,6144,7168
new 2,7168,8192
new 2,8192,9216
new 2,9216,10240
new 2,10240,11264
new 2,11264,12288
new 2,12288,13312
new 2,13312,14336
new 2,14336,15360
new 2,15360,16384
new 2,16384,17408
new 2,17408,18432
new 2,18432,19456
new 2,19456,20480
new 2,20480,21504
new 2,21504,22528
new 2,22528,23552
new 2,23552,24576
new 2,24576,25600
new 2,25600,26624
new 2,26624,27648
new 2,27648,28672
new 2,28672,29696
new 2,29696,30720
new 2,30720,31744
new 4,31744,32767,32768,32769
new 6,32769,32770,32913,32915,33427,34448
new 2,34448,35472
new 2,35472,36496
new 2,36496,37520
new 2,37520,38544
new 2,38544,39568
new 2,39568,40592
new 2,40592,41616
new 2,41616,42640
new 2,42640,43664
new 2,43664,44688
new 2,44688,45712
new 2,45712,46736
new 2,46736,47760
new 2,47760,48784
new 2,48784,49808
new 2,49808,50832
new 2,50832,51856
new 2,51856,52880
new 2,52880,53904
new 2,53904,54928
new 2,54928,55952
new 2,55952,56976
new 2,56976,58000
new 2,58000,59024
new 2,59024,60048
new 2,60048,61072
new 2,61072,62096
new 2,62096,63120
new 2,63120,64144
new 2,64144,65168
new 6,65168,65534,65536,65538,66050,66706
new 2,66706,67730
new 2,67730,68754
new 2,68754,69778
new 2,69778,70802
new 2,70802,71826
new 2,71826,72850
new 2,72850,73874
new 8,73874,74513,98304,98306,98449,98451,98963,99344
new 2,99344,100368
new 2,100368,101392
new 2,101392,102416
new 2,102416,103440
new 2,103440,104464
new 2,104464,105488
new 2,105488,106512
new 2,106512,107536
new 2,107536,108560
new 2,108560,109584
new 2,109584,110608
new 2,110608,111632
new 2,111632,112656
new 2,112656,113680
new 2,113680,114704
new 2,114704,115728
new 2,115728,116752
new 2,116752,117776
new 2,117776,118800
new 2,118800,119824
new 2,119824,120848
new 2,120848,121872
new 2,121872,122896
new 2,122896,123920
new 2,123920,124944
new 2,124944,125968
new 2,125968,126992
new 2,126992,128016
new 2,128016,129040
new 2,129040,130064
new 6,130064,131071,131072,131074,131586,131601
new 2,131601,132625
new 2,132625,133649
new 2,133649,134673
new 2,134673,135697
new 2,135697,136721
new 2,136721,137745
new 2,137745,138769
new 2,138769,139793
new 2,139793,140817
new 2,140817,141841
new 2,141841,142865
new 2,142865,143889
new 2,143889,144913
new 2,144913,145937
new 2,145937,146961
new 2,146961,147985
new 2,147985,149009
new 2,149009,150033
new 2,150033,151057
new 2,151057,152081
new 2,152081,153105
new 2,153105,154129
new 2,154129,155153
new 2,155153,156177
new 2,156177,157201
new 2,157201,158225
new 2,158225,159249
new 2,159249,160273
new 2,160273,161297
new 2,161297,162321
new 2,162321,163345
new 8,163345,163838,163840,163842,163985,163987,164499,165026
new 2,165026,166050
new 2,166050,167074
new 2,167074,168098
new 2,168098,169122
new 2,169122,170146
new 2,170146,171170
new 2,171170,172194
new 2,172194,173218
new 2,173218,174242
new 2,174242,175266
new 2,175266,176290
new 2,176290,177314
new 2,177314,178338
new 2,178338,179362
new 2,179362,180386
new 2,180386,181410
new 2,181410,182434
new 2,182434,183458
new 2,183458,184482
new 2,184482,185506
new 2,185506,186530
new 2,186530,187554
new 2,187554,188578
new 2,188578,189602
new 2,189602,190626
new 2,190626,191650
new 2,191650,192674
new 2,192674,193698
new 2,193698,194722
new 2,194722,195746
new 6,195746,196606,196608,196610,197122,197284
new 2,197284,198308
new 2,198308,199332
new 8,199332,199932,229376,229378,229521,229523,230035,230455
new 2,230455,231479
new 2,231479,232503
new 2,232503,233527
new 2,233527,234551
new 2,234551,235575
new 2,235575,236599
new 2,236599,237623
new 2,237623,238647
new 2,238647,239671
new 2,239671,240695
new 2,240695,241719
new 2,241719,242743
new 2,242743,243767
new 2,243767,244791
new 2,244791,245815
new 2,245815,246839
new 2,246839,247863
new 2,247863,248887
new 2,248887,249911
new 2,249911,250935
new 2,250935,251959
new 2,251959,252983
new 2,252983,254007
new 2,254007,255031
new 2,255031,256055
new 2,256055,257079
new 2,257079,258103
new 2,258103,259127
new 2,259127,260151
new 2,260151,261175
new 6,261175,262142,262144,262146,262658,262713
new 2,262713,263737
new 8,263737,263977,294912,294914,295057,295059,295571,296351
new 2,296351,297375
new 2,297375,298399
new 2,298399,299423
new 2,299423,300447
new 2,300447,301471
new 2,301471,302495
new 2,302495,303519
new 2,303519,304543
new 2,304543,305567
new 2,305567,306591
new 2,306591,307615
new 2,307615,308639
new 2,308639,309663
new 2,309663,310687
new 2,310687,311711
new 2,311711,312735
new 2,312735,313759
new 2,313759,314783
new 2,314783,315807
new 2,315807,316831
new 2,316831,317855
new 2,317855,318879
new 2,318879,319903
new 2,319903,320927
new 2,320927,321951
new 2,321951,322975
new 2,322975,323999
new 2,323999,325023
new 2,325023,326047
new 2,326047,327071
new 6,327071,327678,327680,327682,328194,328609
new 2,328609,329633
new 2,329633,330657
new 2,330657,331681
new 2,331681,332705
new 2,332705,333729
new 2,333729,334753
new 2,334753,335777
new 2,335777,336801
new 2,336801,337825
new 2,337825,338849
new 2,338849,339873
new 2,339873,340897
new 2,340897,341921
new 2,341921,342945
new 2,342945,343969
new 2,343969,344993
new 2,344993,346017
new 2,346017,347041
new 2,347041,348065
new 2,348065,349089
new 18,349089,349168,360448,360450,393216,393218,425984,425986,458752,458754,491520,491522,524288,524290,557056,557058,557570,558501
new 2,558501,559525
new 2,559525,560549
new 2,560549,561573
new 2,561573,562597
new 2,562597,563621
new 2,563621,564645
new 2,564645,565669
new 2,565669,566693
new 2,566693,567717
new 2,567717,568741
new 2,568741,569765
new 2,569765,570789
new 2,570789,571813
new 2,571813,572837
new 2,572837,573861
new 2,573861,574885
new 2,574885,575909
new 2,575909,576933
new 2,576933,577957
new 2,577957,578981
new 2,578981,580005
new 2,580005,581029
new 2,581029,582053
new 2,582053,583077
new 2,583077,584101
new 2,584101,585125
new 2,585125,586149
new 2,586149,587173
new 2,587173,588197
new 2,588197,589221
new 2,589221,590245
new 2,590245,591269
new 2,591269,592293
new 2,592293,593317
new 2,593317,594341
new 2,594341,595365
new 2,595365,596389
new 2,596389,597413
new 2,597413,598016
zero 10,32767,32768,32770,32913,32915,33427,65534,65536,65538,65904
zero 6,65904,66050,74513,75025,97792,98158
zero 10,98158,98304,98306,98449,98451,98963,131071,131072,131074,131296
zero 12,131296,131586,163838,163840,163842,163985,163987,164499,196606,196608,196610,196685
zero 6,196685,197122,199932,200444,228864,228939
zero 6,228939,229376,229378,229521,229523,229967
zero 8,229967,230035,262142,262144,262146,262658,263977,264419
zero 8,264419,264489,294400,294912,294914,295057,295059,295358
zero 8,295358,295571,327678,327680,327682,328194,349168,349465
zero 6,349465,349680,359936,360448,360450,360747
zero 6,360747,360962,392704,393216,393218,393515
zero 6,393515,393730,425472,425984,425986,426283
zero 6,426283,426498,458240,458752,458754,459051
zero 6,459051,459266,491008,491520,491522,491819
zero 6,491819,492034,523776,524288,524290,524587
zero 6,524587,524802,556544,557056,557058,557355
zero 2,557355,557570
