4
30599
0
0
erase 14,3256,32256,33347,65024,66050,97792,98883,130560,131586,163328,164419,196096,197122,228864
new 2,0,1024
new 2,1024,2048
new 26,2048,2744,32768,32770,32833,32835,65536,65538,98304,98306,98369,98371,131072,131074,163840,163842,163905,163907,196608,196610,229376,229378,229441,229443,229924,230230
new 2,230230,231254
new 2,231254,232278
new 2,232278,233302
new 2,233302,234326
new 2,234326,235350
new 2,235350,236374
new 2,236374,237398
new 2,237398,238422
new 2,238422,239446
new 2,239446,240470
new 2,240470,241494
new 2,241494,242518
new 2,242518,243542
new 2,243542,244566
new 2,244566,245590
new 4,245590,245934,245948,246628
new 2,246628,247652
new 2,247652,248676
new 2,248676,249700
new 2,249700,249856
zero 4,2744,3256,32256,32768
zero 6,32770,32833,32835,33347,65024,65473
zero 6,65473,65536,65538,66050,97792,98241
zero 8,98241,98304,98306,98369,98371,98883,130560,130946
zero 6,130946,131072,131074,131586,163328,163714
zero 8,163714,163840,163842,163905,163907,164419,196096,196419
zero 6,196419,196608,196610,197122,228864,229187
zero 8,229187,229376,229378,229441,229443,229924,245934,245948
